77
60
34
94
11
19
1
35
97
26
49
64
20
75
73
98
68
17
36
81
65
83
3
37
55
52
83
29
88
88
83
62
83
26
93
78
37
82
45
20
28
87
61
3
71
35
86
78
67
80
18
6
57
38
33
27
73
21
12
38
95
76
29
44
39
97
56
72
60
96
43
71
40
32
62
30
92
6
55
73
11
15
40
85
40
65
65
83
11
67
49
80
20
50
32
68
31
73
48
90
42
71
54
92
57
49
24
19
15
58
19
14
33
11
96
86
90
74
96
31
5
7
37
68
58
67
10
2
78
93
85
32
37
96
31
87
61
76
40
49
54
11
49
73
57
22
18
42
50
69
41
36
7
85
85
99
28
69
9
48
47
30
90
36
9
45
24
91
56
92
54
38
28
79
5
72
99
76
12
2
42
79
59
78
80
69
31
54
100
97
49
92
6
17
31
41
40
86
65
64
76
70
88
2
95
56
15
95
54
56
53
95
99
30
72
5
84
8
56
72
31
43
91
22
31
30
43
5
44
75
68
78
11
82
78
49
88
87
91
25
30
85
86
17
80
26
12
77
92
80
20
17
9
3
17
73
97
85
26
53
47
13
43
45
9
86
35
84
23
4
94
27
59
96
28
93
97
72
25
28
10
55
35
8
12
20
31
15
19
81
54
88
34
1
38
74
75
25
45
65
73
56
11
72
35
51
7
1
84
5
22
68
17
79
67
23
85
70
65
1
87
38
72
13
7
65
98
86
85
16
56
48
6
58
6
78
85
64
57
79
82
39
99
13
24
98
88
13
46
87
61
88
83
75
77
63
13
15
93
54
59
44
65
24
28
54
1
26
54
92
62
55
89
10
44
74
20
38
56
33
42
16
25
6
14
50
71
86
85
23
72
84
69
60
11
65
91
87
13
12
18
34
66
27
53
29
77
51
12
72
23
52
47
74
2
54
87
29
88
88
83
14
36
9
72
63
55
63
18
22
71
89
17
99
46
100
58
36
23
80
51
97
87
76
3
74
42
26
60
23
29
81
80
28
66
75
68
54
98
56
80
100
36
4
25
87
51
60
82
89
87
13
99
95
88
62
59
96
14
78
89
47
17
72
58
17
44
43
51
19
35
3
19
1
81
16
82
8
45
49
6
70
39
91
75
35
92
86
16
12
46
62
57
65
72
21
86
17
43
87
53
23
87
38
92
43
24
75
96
24
52
9
16
86
66
44
65
75
98
64
2
75
7
71
16
68
53
32
77
66
7
67
16
32
47
42
34
70
97
71
100
22
36
88
100
12
97
66
21
56
58
2
8
20
31
50
46
72
2
35
54
24
9
63
57
51
76
59
18
30
7
10
1
15
94
18
30
24
23
60
48
16
43
16
97
69
89
10
41
3
79
11
5
79
80
89
88
2
57
89
24
17
52
39
3
100
87
90
28
88
92
35
61
66
18
14
27
26
88
67
69
37
25
42
32
7
82
30
67
21
49
39
27
76
45
1
48
49
78
57
13
26
98
60
66
24
75
29
99
76
99
49
37
54
98
73
41
62
39
100
51
46
20
85
84
4
53
36
82
71
82
87
37
61
44
76
52
6
23
38
12
55
51
82
4
50
11
56
86
30
64
38
57
6
34
99
68
12
48
83
25
95
68
28
80
40
88
72
15
32
33
58
35
21
63
84
20
73
12
75
100
91
79
32
14
86
90
16
8
7
46
17
89
75
17
76
53
58
100
96
6
51
79
25
21
36
3
62
28
22
14
42
85
68
76
20
43
5
86
13
75
9
35
46
64
33
52
1
48
10
84
57
10
53
72
55
18
89
76
32
18
53
61
8
76
62
89
48
56
46
77
14
36
41
25
95
100
67
11
58
15
67
44
20
19
99
42
28
77
96
7
5
93
25
65
45
44
73
44
43
72
48
37
11
99
17
32
72
16
96
62
18
64
32
97
33
67
28
39
37
99
37
44
85
93
91
67
67
40
69
82
63
66
57
65
71
42
84
14
64
58
82
84
87
83
71
53
67
15
52
45
76
91
44
58
10
45
99
31
69
92
80
97
22
90
27
23
1
39
16
57
70
14
20
63
37
31
92
86
99
6
28
96
26
20
62
55
91
76
92
68
58
16
39
62
78
86
8
100
41
34
22
67
11
35
52
82
37
92
85
69
85
14
88
80
24
9
18
47
43
31
76
86
50
41
34
36
44
20
49
23
25
1
97
98
26
22
82
55
26
1
65
3
75
86
91
82
15
86
60
79
85
32
2
82
88
50
100
92
5